234.00 201.00 199.00 241.00
185.00 369.00 331.00 364.00
225.00 182.00 104.00 226.00
326.00 352.00 193.00 164.00
105.00 305.00 149.00 291.00
201.00 199.00 241.00 358.00
369.00 331.00 364.00 120.00
182.00 104.00 226.00 252.00
352.00 193.00 164.00 213.00
305.00 149.00 291.00 353.00
199.00 241.00 358.00 311.00
331.00 364.00 120.00 328.00
104.00 226.00 252.00 223.00
193.00 164.00 213.00 137.00
149.00 291.00 353.00 211.00
241.00 358.00 311.00 54.00
364.00 120.00 328.00 32.00
226.00 252.00 223.00 3.00
164.00 213.00 137.00 3.00
291.00 353.00 211.00 32.00
358.00 311.00 54.00 54.00
120.00 328.00 32.00 32.00
252.00 223.00 3.00 2.00
213.00 137.00 3.00 32.00
353.00 211.00 32.00 3.00
311.00 54.00 54.00 4.00
328.00 32.00 32.00 3.00
223.00 3.00 2.00 3.00
137.00 3.00 32.00 3.00
211.00 32.00 3.00 32.00
54.00 54.00 4.00 432.00
32.00 32.00 3.00 32.00
3.00 2.00 3.00 3.00
3.00 32.00 3.00 32.00
32.00 3.00 32.00 32.00
