337.00 311.00 537.00 523.00
310.00 429.00 320.00 580.00
502.00 590.00 319.00 346.00
533.00 303.00 527.00 517.00
406.00 353.00 538.00 487.00
311.00 537.00 523.00 383.00
429.00 320.00 580.00 450.00
590.00 319.00 346.00 572.00
303.00 527.00 517.00 375.00
353.00 538.00 487.00 423.00
537.00 523.00 383.00 388.00
320.00 580.00 450.00 440.00
319.00 346.00 572.00 398.00
527.00 517.00 375.00 464.00
538.00 487.00 423.00 401.00
523.00 383.00 388.00 2.00
580.00 450.00 440.00 2.00
346.00 572.00 398.00 2.00
517.00 375.00 464.00 2.00
487.00 423.00 401.00 2.00
383.00 388.00 2.00 2.00
450.00 440.00 2.00 2.00
572.00 398.00 2.00 2.00
375.00 464.00 2.00 2.00
423.00 401.00 2.00 2.00
388.00 2.00 2.00 2.00
440.00 2.00 2.00 2.00
398.00 2.00 2.00 2.00
464.00 2.00 2.00 2.00
401.00 2.00 2.00 2.00
2.00 2.00 2.00 2.00
2.00 2.00 2.00 2.00
2.00 2.00 2.00 2.00
2.00 2.00 2.00 2.00
2.00 2.00 2.00 2.00
