344.00 576.00 300.00 391.00
454.00 315.00 575.00 439.00
551.00 418.00 540.00 374.00
360.00 393.00 579.00 495.00
433.00 312.00 517.00 415.00
576.00 300.00 391.00 492.00
315.00 575.00 439.00 335.00
418.00 540.00 374.00 343.00
393.00 579.00 495.00 330.00
312.00 517.00 415.00 323.00
300.00 391.00 492.00 468.00
575.00 439.00 335.00 466.00
540.00 374.00 343.00 502.00
579.00 495.00 330.00 559.00
517.00 415.00 323.00 363.00
391.00 492.00 468.00 2.00
439.00 335.00 466.00 2.00
374.00 343.00 502.00 2.00
495.00 330.00 559.00 2.00
415.00 323.00 363.00 2.00
492.00 468.00 2.00 2.00
335.00 466.00 2.00 2.00
343.00 502.00 2.00 2.00
330.00 559.00 2.00 2.00
323.00 363.00 2.00 2.00
468.00 2.00 2.00 2.00
466.00 2.00 2.00 2.00
502.00 2.00 2.00 2.00
559.00 2.00 2.00 2.00
363.00 2.00 2.00 2.00
2.00 2.00 2.00 2.00
2.00 2.00 2.00 2.00
2.00 2.00 2.00 2.00
2.00 2.00 2.00 2.00
2.00 2.00 2.00 2.00
