361.00 351.00 266.00 137.00
221.00 103.00 112.00 346.00
400.00 139.00 383.00 206.00
362.00 344.00 288.00 213.00
294.00 337.00 188.00 265.00
351.00 266.00 137.00 258.00
103.00 112.00 346.00 391.00
139.00 383.00 206.00 136.00
344.00 288.00 213.00 142.00
337.00 188.00 265.00 213.00
266.00 137.00 258.00 361.00
112.00 346.00 391.00 380.00
383.00 206.00 136.00 348.00
288.00 213.00 142.00 109.00
188.00 265.00 213.00 346.00
137.00 258.00 361.00 32.00
346.00 391.00 380.00 32.00
206.00 136.00 348.00 32.00
213.00 142.00 109.00 32.00
265.00 213.00 346.00 32.00
258.00 361.00 32.00 32.00
391.00 380.00 32.00 32.00
136.00 348.00 32.00 32.00
142.00 109.00 32.00 32.00
213.00 346.00 32.00 32.00
361.00 32.00 32.00 32.00
380.00 32.00 32.00 32.00
348.00 32.00 32.00 32.00
109.00 32.00 32.00 32.00
346.00 32.00 32.00 32.00
32.00 32.00 32.00 32.00
32.00 32.00 32.00 32.00
32.00 32.00 32.00 32.00
32.00 32.00 32.00 32.00
32.00 32.00 32.00 32.00
