265.00 309.00 400.00 372.00
304.00 321.00 200.00 112.00
102.00 286.00 139.00 302.00
282.00 222.00 262.00 121.00
344.00 169.00 267.00 330.00
309.00 400.00 372.00 341.00
321.00 200.00 112.00 152.00
286.00 139.00 302.00 170.00
222.00 262.00 121.00 102.00
169.00 267.00 330.00 326.00
400.00 372.00 341.00 181.00
200.00 112.00 152.00 326.00
139.00 302.00 170.00 156.00
262.00 121.00 102.00 227.00
267.00 330.00 326.00 153.00
372.00 341.00 181.00 2.00
112.00 152.00 326.00 2.00
302.00 170.00 156.00 2.00
121.00 102.00 227.00 2.00
330.00 326.00 153.00 2.00
341.00 181.00 2.00 2.00
152.00 326.00 2.00 2.00
170.00 156.00 2.00 2.00
102.00 227.00 2.00 22.00
326.00 153.00 2.00 2.00
181.00 2.00 2.00 2.00
326.00 2.00 2.00 2.00
156.00 2.00 2.00 2.00
227.00 2.00 22.00 2.00
153.00 2.00 2.00 2.00
2.00 2.00 2.00 2.00
2.00 2.00 2.00 2.00
2.00 2.00 2.00 2.00
2.00 22.00 2.00 2.00
2.00 2.00 2.00 2.00
